xvec = [...
8.8312448545762e-15	8.83020773931655e-15	8.829288411829246e-15	8.828487996549642e-15	8.827807643680147e-15	8.827248529781563e-15	8.826811858379566e-15	8.826498860589952e-15	8.826310795760308e-15	8.826248952130018e-15	8.826314647510034e-15	8.826509229980273e-15	8.826834078607649e-15	8.82729060418595e-15	8.827880249995065e-15	8.828604492584274e-15	8.829464842576401e-15	8.830462845497066e-15	8.831600082627687e-15	8.832878171883217e-15	8.834298768717753e-15	8.83586356705364e-15	8.837574300243004e-15	8.839432742054493e-15	8.8414407076919e-15	8.843600054841906e-15	8.845912684756647e-15	8.848380543366146e-15	8.851005622428374e-15	8.853789960711258e-15	8.85673564521531e-15	8.85984481243173e-15	8.863119649641006e-15	8.86656239625222e-15	8.870175345185796e-15	8.873960844298799e-15	8.877921297857045e-15	8.882059168055258e-15	8.886376976583094e-15	8.890877306247154e-15	8.895562802641292e-15	8.90043617587514e-15	8.905500202357767e-15	8.910757726641123e-15	8.916211663325563e-15	8.92186499902886e-15	8.92772079442071e-15	8.933782186326982e-15	8.94005238990753e-15	8.946534700904276e-15	8.953232497970353e-15	8.960149245078603e-15	8.967288494014195e-15	8.974653886953187e-15	8.982249159134417e-15	8.990078141622005e-15	8.998144764170538e-15	9.00645305819012e-15	9.01500715981743e-15	9.023811313099435e-15	9.032869873292778e-15	9.042187310283222e-15	9.05176821212966e-15	9.061617288742974e-15	9.07173937569666e-15	9.082139438183999e-15	9.092822575123292e-15	9.103794023415987e-15	9.115059162371442e-15	9.1266235182956e-15	9.138492769261846e-15	9.150672750063097e-15	9.163169457358379e-15	9.175989055020706e-15	9.189137879696764e-15	9.202622446586486e-15	9.216449455453917e-15	9.230625796879817e-15	9.245158558766374e-15	9.260055033107291e-15	9.275322723035787e-15	9.290969350160867e-15	9.30700286221088e-15	9.323431440992243e-15	9.340263510688249e-15	9.357507746501179e-15	9.375173083669685e-15	9.393268726866928e-15	9.411804160007787e-15	9.430789156479218e-15	9.450233789819869e-15	9.47014844486686e-15	9.49054382939992e-15	9.511430986300935e-15	9.532821306262786e-15	9.55472654107188e-15	9.577158817493384e-15	9.600130651797752e-15	9.623654964953023e-15	9.647745098527298e-15	9.672414831335496e-15	9.69767839686816e-15	9.723550501554966e-15	9.750046343896092e-15	9.777181634521585e-15	9.80497261721951e-15	9.833436090999412e-15	9.862589433240163e-15	9.892450623989186e-15	9.92303827147722e-15	9.954371638923219e-15	9.986470672698947e-15	1.0019356031939117e-14	1.0053049119681108e-14	1.00875721156233e-14	1.0122948010606037e-14	1.0159200642913579e-14	1.0196354736514652e-14	1.0234435941357485e-14	1.0273470875848866e-14	1.0313487171658297e-14	1.0354513520987482e-14	1.039657972647264e-14	1.0439716753879935e-14	1.0483956787783896e-14	1.0529333290419897e-14	1.0575881063924338e-14	1.0623636316186959e-14	1.0672636730558796e-14	1.0722921539683077e-14	1.0774531603721402e-14	1.0827509493295236e-14	1.0881899577460738e-14	1.0937748117072216e-14	1.0995103363931768e-14	1.105401566612202e-14	1.111453757998719e-14	1.1176723989243898e-14	1.1240632231748131e-14	1.130632223449506e-14	1.1373856657470063e-14	1.1443301047032948e-14	1.151472399956013e-14	1.1588197336155632e-14	1.1663796289292556e-14	1.174159970233881e-14	1.1821690243004273e-14	1.1904154631838218e-14	1.1989083887007485e-14	1.2076573586726949e-14	1.2166724150798491e-14	1.2259641142905799e-14	1.2355435595428802e-14	1.2454224358750204e-14	1.2556130477198446e-14	1.2661283593999858e-14	1.2769820387848213e-14	1.2881885043986047e-14	1.2997629762960348e-14	1.3117215310597093e-14	1.324081161306835e-14	1.3368598401403742e-14	1.3500765910204333e-14	1.3637515635936819e-14	1.3779061160707707e-14	1.3925629048152642e-14	1.4077459818823327e-14	1.4234809013326608e-14	1.4397948352451495e-14	1.4567167004671527e-14	1.4742772972622877e-14	1.492509461169428e-14	1.5114482295449695e-14	1.5311310244559115e-14	1.5515978538051054e-14	1.572891532824638e-14	1.59505792835678e-14	1.618146228678214e-14	1.6422092420070398e-14	1.66730372727491e-14	1.69349076127005e-14	1.720836146856791e-14	1.749410867680416e-14	1.779291595598901e-14	1.810561258042449e-14	1.8433096736518382e-14	1.8776342658894767e-14	1.9136408659184972e-14	1.95144461794005e-14	1.991171002446182e-14	2.032956995557745e-14	2.076952385866282e-14	2.1233212741281426e-14	2.1722437859083168e-14	2.2239180330399516e-14	2.2785623668190524e-14	2.33641797447929e-14	2.3977518811468477e-14	2.4628604326257355e-14	2.5320733507660155e-14	2.6057584736530228e-14	2.6843273186392433e-14	2.7682416388810935e-14	2.858021185601872e-14	2.954252941581846e-14	3.0576021602007036e-14	3.1688256338404056e-14	3.2887877328533957e-14	3.418479911457635e-14	3.559044584027815e-14	3.7118045541525845e-14	3.878299558464315e-14	4.0603320095870064e-14	4.260024749818693e-14	4.479894652755193e-14	4.7229473763142044e-14	4.992800698535073e-14	5.293847006111852e-14	5.631470218045788e-14	6.012339641399756e-14	6.444814541511582e-14	6.939511287827168e-14	7.51011467751964e-14	8.174565446430431e-14	8.95684434047708e-14	9.889734095396573e-14	1.101924721406419e-13	1.2412022131591313e-13	1.4168300703213974e-13	1.6446106453218028e-13	1.95097950018305e-13	2.383742300604552e-13	3.039109622800198e-13	4.143665268874599e-13	6.388175883343559e-13	1.3363326090024034e-12	2.7592682839710472e-11	1.27140590044628e-12	6.66262903799015e-13	4.592088681504199e-13	3.552295496354749e-13	2.931272896385748e-13	2.521942195798668e-13	2.234861113012493e-13	2.0251503359238497e-13	1.8678864795753118e-13	1.7481955099468067e-13	1.6567334766613553e-13	1.587426568163623e-13	1.5362614248177268e-13	1.5006065923921017e-13	1.4788240034920554e-13	1.4700526076882262e-13	1.474106305493357e-13	1.4914615706944927e-13	1.5233331609718668e-13	1.5718590443218856e-13	1.6404480165312923e-13	1.7344020885001363e-13	1.86204763685632e-13	2.036889846210275e-13	2.282019376439265e-13	2.6400548770228107e-13	3.198835345780538e-13	4.1723466773795553e-13	6.252638839609636e-13	1.3626821871986575e-12	4.949435167467652e-12	8.311305228151429e-13	4.3981599911557565e-13	2.930546537358962e-13	2.1650488930606883e-13	1.696980526316997e-13	1.3823895283345958e-13	1.1572194641550081e-13	9.886438287449688e-14	8.581079350259615e-14	7.543376038233294e-14	6.700903912224398e-14	6.005035489774495e-14	5.421925183003879e-14	4.927301919235029e-14	4.503316807309607e-14	4.136558256055045e-14	3.816759587311318e-14	3.5359328685722884e-14	3.28777359604877e-14	3.067242371630631e-14	2.8702651256339054e-14	2.693514495721841e-14	2.5342478640762356e-14	2.390185653274262e-14	2.2594186880570654e-14	2.1403368485646352e-14	2.0315735280029614e-14	1.9319619650870625e-14	1.840500598942506e-14	1.756325350367018e-14	1.6786872713796112e-14	1.606934392578376e-14	1.5404968803037696e-14	1.478874823696839e-14	1.4216281265991965e-14	1.368368095561797e-14	1.3187504033801123e-14	1.2724691749449187e-14	1.229251994070869e-14	1.1888556702225083e-14	1.1510626355075153e-14	1.1156778670433597e-14	1.0825262493854478e-14	1.0514503073003015e-14	1.0223082516579505e-14	9.949722912860814e-15	9.693271717828102e-15	9.452689089327856e-15	9.227036898183852e-15	9.015469192115139e-15	8.817223925608399e-15	8.631615800079943e-15	8.458030084984571e-15	8.295917312930058e-15	8.14478876120639e-15	8.004212649074916e-15	7.873810995281161e-15	7.753257094064228e-15	7.64227358089768e-15	7.540631071754189e-15	7.448147372279033e-15	7.364687266358115e-15	7.290162907691069e-15	7.224534853729441e-15	7.167813799446464e-15	7.120063089773217e-15	7.081402115316851e-15	7.052010727668537e-15	7.032134850199801e-15	7.022093510365322e-15	7.022287583769839e-15	7.033210623507888e-15	7.055462257331121e-15	7.089764779506828e-15	7.136983757232235e-15	7.198153732347064e-15	7.274510455688259e-15	7.367531584640544e-15	7.47898846519008e-15	7.611012600266434e-15	7.766181818173805e-15	7.947633220486018e-15	8.159213062443242e-15	8.405678378736714e-15	8.692972378627245e-15	9.028607049160682e-15	9.422204935496499e-15	9.886283008064484e-15	1.0437414855347343e-14	1.109800273230258e-14	1.189906844920574e-14	